Index	    open	   high	          low            close	                vol	  AMO.AMOW  	  AMO.AMO1  	  AMO.AMO2  	 MACD.DIF   	 MACD.DEA   	 MACD.MACD  	
 2018/05/07	 2649.10	 2686.22	 2638.17	 2683.85	       26608010	 3938756.25	           	           	       0.00	       0.00	       0.00	
 2018/05/08	 2683.84	 2736.76	 2682.79	 2722.88	       31644364	 4536681.50	           	           	       3.11	       0.62	       4.98	
 2018/05/09	 2723.09	 2725.20	 2706.48	 2717.24	       20264916	 2683648.25	           	           	       5.07	       1.51	       7.11	
 2018/05/10	 2727.52	 2738.63	 2712.47	 2729.40	       19609175	 2691582.25	           	           	       7.51	       2.71	       9.60	
 2018/05/11	 2737.23	 2738.65	 2720.55	 2724.72	       23488885	 2891675.25	 3348468.75	           	       8.97	       3.96	      10.01	
 2018/05/14	 2736.98	 2761.49	 2736.04	 2753.54	       27061501	 3651002.25	 3290918.00	           	      12.30	       5.63	      13.35	
 2018/05/15	 2760.20	 2760.57	 2731.57	 2750.83	       22526422	 2928588.25	 2969299.25	           	      14.56	       7.42	      14.29	
 2018/05/16	 2739.89	 2744.62	 2714.26	 2716.78	       21808679	 2956594.50	 3023888.50	           	      13.45	       8.62	       9.65	
 2018/05/17	 2720.77	 2724.39	 2698.17	 2700.88	       16746907	 2281912.25	 2941954.50	           	      11.15	       9.13	       4.05	
 2018/05/18	 2697.72	 2741.01	 2690.99	 2740.53	       22927267	 2887152.75	 2941050.00	 3144759.25	      12.39	       9.78	       5.22	
 2018/05/21	 2753.88	 2761.72	 2739.68	 2745.80	       27766582	 3413850.75	 2893619.75	 3092268.75	      13.64	      10.55	       6.18	
 2018/05/22	 2744.32	 2744.32	 2711.06	 2728.00	       23340295	 2734365.00	 2854775.00	 2912037.25	      13.05	      11.05	       3.99	
 2018/05/23	 2721.02	 2721.02	 2683.59	 2683.69	       25426594	 3102406.75	 2883937.50	 2953913.00	       8.90	      10.62	      -3.45	
 2018/05/24	 2684.13	 2686.52	 2676.68	 2681.60	        6361131	  793522.75	 2586259.50	 2764107.00	       5.38	       9.57	      -8.39	
 2018/05/25	 2663.32	 2679.85	 2650.34	 2661.29	       19942205	 2281657.75	 2465160.50	 2703105.25	       0.94	       7.85	     -13.82	
 2018/05/28	 2661.21	 2682.78	 2650.40	 2673.20	       18533039	 2550255.25	 2292441.50	 2593030.50	      -1.60	       5.96	     -15.12	
 2018/05/29	 2666.83	 2676.68	 2642.87	 2663.40	       26895624	 3486949.00	 2442958.25	 2648866.75	      -4.35	       3.89	     -16.50	
 2018/05/30	 2632.71	 2637.19	 2604.91	 2605.90	       24208986	 3163905.25	 2455258.00	 2669597.75	     -11.05	       0.91	     -23.91	
 2018/05/31	 2626.94	 2661.66	 2624.67	 2658.29	       26506810	 4016042.75	 3099762.00	 2843010.75	     -11.99	      -1.67	     -20.63	
 2018/06/01	 2652.25	 2664.31	 2637.37	 2647.19	       20387624	 2726232.50	 3188677.00	 2826918.75	     -13.47	      -4.03	     -18.88	
 2018/06/04	 2664.85	 2697.75	 2658.57	 2694.58	       22546288	 3496521.00	 3377930.00	 2835185.75	     -10.70	      -5.37	     -10.67	
 2018/06/05	 2697.69	 2712.12	 2680.24	 2707.02	       22214405	 3927470.50	 3466034.50	 2954496.25	      -7.42	      -5.78	      -3.28	
 2018/06/06	 2702.71	 2703.41	 2688.33	 2692.18	       20523118	 3247483.00	 3482750.00	 2969004.00	      -5.94	      -5.81	      -0.26	
 2018/06/07	 2697.51	 2717.06	 2693.10	 2695.24	       23511030	 3706117.25	 3420764.75	 3260263.50	      -4.48	      -5.54	       2.14	
 2018/06/08	 2686.09	 2686.15	 2637.36	 2652.08	       26031212	 3439613.50	 3563441.00	 3376059.00	      -6.72	      -5.78	      -1.88	
 2018/06/11	 2644.43	 2665.93	 2633.08	 2660.41	       19775018	 3424791.25	 3549095.00	 3463512.50	      -7.73	      -6.17	      -3.13	
 2018/06/12	 2662.39	 2691.97	 2650.97	 2687.70	       19643008	 3758597.25	 3515320.50	 3490677.50	      -6.26	      -6.19	      -0.15	
 2018/06/13	 2681.31	 2686.07	 2662.75	 2671.63	       19387165	 3127641.00	 3491352.00	 3487051.00	      -6.32	      -6.22	      -0.22	
 2018/06/14	 2662.23	 2691.04	 2659.57	 2671.30	       21356957	 3620003.75	 3474129.25	 3447447.00	      -6.32	      -6.24	      -0.18	
 2018/06/15	 2657.59	 2677.31	 2657.51	 2667.98	       25618389	 3664171.50	 3519041.00	 3541241.00	      -6.52	      -6.29	      -0.45	
 2018/06/19	 2638.40	 2646.64	 2571.69	 2599.78	       57574355	 7804147.50	 4394912.00	 3972003.75	     -12.04	      -7.44	      -9.19	
 2018/06/20	 2588.12	 2607.47	 2567.50	 2598.33	       23830855	 3740747.25	 4391342.00	 3953331.25	     -16.34	      -9.22	     -14.23	
 2018/06/21	 2597.30	 2628.04	 2575.17	 2579.05	       24632386	 3765627.00	 4518939.50	 4005145.75	     -21.06	     -11.59	     -18.94	
 2018/06/22	 2564.87	 2586.33	 2553.30	 2583.71	       19658834	 2758728.00	 4346684.00	 3910406.75	     -24.15	     -14.10	     -20.09	
 2018/06/25	 2593.62	 2595.99	 2535.12	 2536.46	       23443084	 3477005.50	 4309251.00	 3914146.00	     -30.06	     -17.29	     -25.54	
 2018/06/26	 2516.08	 2519.16	 2470.15	 2506.72	       26450100	 3675394.75	 3483500.50	 3939206.25	     -36.72	     -21.18	     -31.09	
 2018/06/27	 2500.07	 2512.59	 2438.04	 2452.64	       27426919	 3819102.25	 3499171.50	 3945256.75	     -45.84	     -26.11	     -39.46	
 2018/06/28	 2431.86	 2461.17	 2418.29	 2425.18	       22856049	 3337773.25	 3413600.75	 3966270.00	     -54.65	     -31.82	     -45.66	
 2018/06/29	 2431.81	 2481.32	 2429.59	 2479.91	       20762653	 2888293.50	 3439513.75	 3893099.00	     -56.56	     -36.77	     -39.59	
 2018/07/02	 2473.31	 2473.73	 2370.40	 2386.38	       26108151	 3481566.50	 3440426.00	 3874838.50	     -64.88	     -42.39	     -44.98	
 2018/07/03	 2389.36	 2395.08	 2331.84	 2388.98	       29074680	 4173489.00	 3540045.00	 3511772.75	     -70.45	     -48.00	     -44.89	
 2018/07/04	 2381.25	 2403.51	 2365.89	 2368.43	       19664477	 2591567.75	 3294538.00	 3396854.75	     -75.65	     -53.53	     -44.23	
 2018/07/05	 2370.86	 2398.56	 2352.97	 2374.36	       25268639	 3198764.75	 3266736.25	 3340168.50	     -78.39	     -58.50	     -39.77	
 2018/07/06	 2378.87	 2422.40	 2349.48	 2402.62	       24922030	 3494929.50	 3388063.50	 3413788.75	     -77.38	     -62.28	     -30.21	
 2018/07/09	 2410.52	 2471.80	 2410.52	 2471.29	       24333366	 3226252.00	 3337000.50	 3388713.25	     -70.24	     -63.87	     -12.74	
 2018/07/10	 2475.98	 2477.84	 2448.86	 2471.23	       21373460	 2752853.25	 3052873.50	 3296459.25	     -63.84	     -63.86	       0.04	
 2018/07/11	 2420.18	 2443.35	 2409.31	 2432.28	       20851901	 2541323.50	 3042824.50	 3168681.25	     -61.21	     -63.33	       4.24	
 2018/07/12	 2425.67	 2490.44	 2425.67	 2474.62	       27324093	 3519953.25	 3107062.25	 3186899.25	     -55.08	     -61.68	      13.21	
 2018/07/13	 2480.82	 2481.56	 2464.95	 2476.86	       19832100	 2725589.50	 2953194.25	 3170629.00	     -49.47	     -59.24	      19.55	
 2018/07/16	 2471.15	 2484.17	 2438.86	 2448.76	       19872462	 2603875.75	 2828719.00	 3082859.75	     -46.75	     -56.74	      19.99	
 2018/07/17	 2443.55	 2446.10	 2414.35	 2430.44	       16666433	 2339474.50	 2746043.25	 2899458.50	     -45.54	     -54.50	      17.92	
 2018/07/18	 2437.38	 2458.48	 2419.32	 2420.76	       17807465	 2569342.25	 2751647.00	 2897235.75	     -44.85	     -52.57	      15.44	
 2018/07/19	 2432.89	 2452.45	 2418.66	 2426.16	       20446054	 2778208.00	 2603298.00	 2855180.25	     -43.37	     -50.73	      14.72	
 2018/07/20	 2426.10	 2506.94	 2409.05	 2493.76	       34453471	 4353310.00	 2928842.00	 2941018.25	     -36.33	     -47.85	      23.05	
 2018/07/23	 2482.05	 2533.77	 2478.19	 2526.81	       39625663	 4877109.50	 3383488.75	 3106104.00	     -27.75	     -43.83	      32.16	
 2018/07/24	 2534.07	 2579.59	 2534.07	 2563.58	       48833416	 5989461.00	 4113486.25	 3429764.75	     -17.79	     -38.62	      41.67	
 2018/07/25	 2573.93	 2573.96	 2550.97	 2563.69	       26507281	 3266579.00	 4252933.50	 3502290.25	      -9.77	     -32.85	      46.17	
 2018/07/26	 2570.48	 2578.72	 2525.67	 2530.99	       25328431	 3161147.50	 4329521.50	 3466409.75	      -5.98	     -27.48	      42.99	
 2018/07/27	 2529.66	 2541.23	 2515.89	 2525.09	       18966728	 2451846.75	 3949228.75	 3439035.50	      -3.42	     -22.67	      38.49	
 2018/07/30	 2525.38	 2562.76	 2515.55	 2541.31	       24506255	 3109298.00	 3595666.50	 3489577.75	      -0.08	     -18.15	      36.14	
 2018/07/31	 2537.03	 2553.81	 2521.82	 2545.12	       20241929	 2403971.00	 2878568.50	 3496027.25	       2.84	     -13.95	      33.59	
 2018/08/01	 2557.61	 2570.31	 2489.13	 2490.25	       27372269	 3453006.25	 2915854.00	 3584393.75	       0.73	     -11.02	      23.48	
 2018/08/02	 2483.76	 2485.41	 2412.96	 2440.31	       29601109	 3856461.50	 3054916.75	 3692219.00	      -4.93	      -9.80	       9.74	
 2018/08/03	 2438.84	 2452.07	 2413.25	 2413.50	       21546213	 2774847.75	 3119517.00	 3534372.75	     -11.44	     -10.13	      -2.63	
 2018/08/06	 2417.30	 2448.98	 2393.68	 2406.54	       25723041	 3215335.75	 3140724.50	 3368195.50	     -16.97	     -11.49	     -10.94	
 2018/08/07	 2416.01	 2480.10	 2407.64	 2479.78	       29752110	 3630227.00	 3385975.75	 3132272.00	     -15.26	     -12.25	      -6.02	
 2018/08/08	 2476.40	 2481.84	 2443.07	 2447.00	       23590929	 2966052.25	 3288584.75	 3102219.50	     -16.36	     -13.07	      -6.59	
 2018/08/09	 2437.45	 2510.36	 2435.79	 2504.62	       26576959	 3465664.00	 3210425.25	 3132671.00	     -12.45	     -12.95	       1.00	
 2018/08/10	 2505.31	 2518.11	 2485.98	 2503.21	       19421209	 2418655.75	 3139187.00	 3129352.00	      -9.35	     -12.23	       5.76	
 2018/08/13	 2480.10	 2485.23	 2442.23	 2478.51	       22941849	 2666535.00	 3029426.75	 3085075.50	      -8.78	     -11.54	       5.51	
 2018/08/14	 2475.47	 2482.71	 2454.98	 2469.20	       17071931	 2004597.75	 2704301.00	 3045138.25	      -8.98	     -11.03	       4.09	
 2018/08/15	 2467.25	 2467.45	 2405.60	 2408.72	       19756173	 2568644.25	 2624819.25	 2956702.00	     -13.86	     -11.59	      -4.54	
 2018/08/16	 2381.01	 2430.92	 2367.05	 2405.16	       25498718	 2947170.00	 2521120.50	 2865773.00	     -17.81	     -12.84	      -9.95	
 2018/08/17	 2427.47	 2429.68	 2370.04	 2374.17	       20629848	 2713358.50	 2580061.00	 2859624.00	     -23.18	     -14.91	     -16.54	
 2018/08/20	 2386.14	 2409.13	 2370.82	 2409.13	       23001283	 2913772.25	 2629508.50	 2829467.75	     -24.32	     -16.79	     -15.07	
 2018/08/21	 2411.98	 2461.14	 2410.89	 2452.38	       24358955	 3285974.00	 2885783.75	 2795042.50	     -21.50	     -17.73	      -7.53	
 2018/08/22	 2461.40	 2461.40	 2438.94	 2450.15	       16052916	 2334104.00	 2838875.75	 2731847.50	     -19.21	     -18.03	      -2.37	
 2018/08/23	 2453.66	 2474.69	 2435.16	 2461.07	       18856430	 2622881.50	 2774018.00	 2647569.25	     -16.34	     -17.69	       2.71	
 2018/08/24	 2449.37	 2496.39	 2438.72	 2472.00	       20760608	 2503344.00	 2732015.25	 2656038.00	     -13.02	     -16.76	       7.46	
 2018/08/27	 2484.41	 2522.34	 2482.52	 2522.34	       28385082	 3637496.25	 2876760.00	 2753134.25	      -6.26	     -14.66	      16.79	
 2018/08/28	 2524.92	 2530.50	 2503.81	 2511.15	       21401627	 2735747.75	 2766714.75	 2826249.25	      -1.79	     -12.08	      20.59	
 2018/08/29	 2506.15	 2515.00	 2497.82	 2503.48	       18183977	 2230440.25	 2745982.00	 2792428.75	       1.13	      -9.44	      21.14	
 2018/08/30	 2506.53	 2519.40	 2479.21	 2479.21	       18233552	 2406003.00	 2702606.25	 2738312.25	       1.46	      -7.26	      17.44	
 2018/08/31	 2462.80	 2490.46	 2455.99	 2474.48	       26221781	 3467633.00	 2895464.00	 2813739.50	       1.33	      -5.54	      13.74	
 2018/09/03	 2461.86	 2470.51	 2445.87	 2465.88	       18306655	 2317517.75	 2631468.25	 2754114.25	       0.52	      -4.33	       9.71	
 2018/09/04	 2467.25	 2507.04	 2451.72	 2500.44	       20593805	 2677897.25	 2619898.25	 2693306.50	       2.64	      -2.94	      11.16	
 2018/09/05	 2488.90	 2493.47	 2441.23	 2441.23	       21316444	 2599431.50	 2693696.50	 2719839.25	      -0.45	      -2.44	       3.98	
 2018/09/06	 2432.40	 2449.83	 2408.93	 2416.03	       20873911	 2678339.25	 2748163.75	 2725385.00	      -4.88	      -2.93	      -3.90	
 2018/09/07	 2424.42	 2458.26	 2416.16	 2437.68	       18360830	 2499064.25	 2554450.00	 2724957.00	      -6.56	      -3.65	      -5.82	
 2018/09/10	 2431.18	 2440.11	 2410.79	 2413.43	       18041257	 2225275.50	 2536001.50	 2583735.00	      -9.74	      -4.87	      -9.74	
 2018/09/11	 2412.18	 2422.94	 2387.64	 2398.77	       18111101	 2343414.25	 2469105.00	 2544501.50	     -13.29	      -6.55	     -13.48	
 2018/09/12	 2389.28	 2398.73	 2373.04	 2381.39	       16845245	 2230317.25	 2395282.00	 2544489.25	     -17.31	      -8.71	     -17.21	
 2018/09/13	 2413.41	 2420.00	 2381.03	 2415.31	       21471991	 2830639.25	 2425742.00	 2586953.00	     -17.55	     -10.48	     -14.16	
 2018/09/14	 2421.66	 2434.67	 2410.66	 2425.42	       16391883	 2269748.75	 2379879.00	 2467164.50	     -16.74	     -11.73	     -10.02	
 2018/09/17	 2411.38	 2418.14	 2397.94	 2399.88	       13684293	 1841397.13	 2303103.25	 2419552.50	     -17.95	     -12.97	      -9.95	
 2018/09/18	 2391.95	 2459.77	 2391.73	 2458.77	       22891942	 2986044.00	 2431629.25	 2450367.00	     -13.99	     -13.18	      -1.63	
 2018/09/19	 2455.44	 2505.00	 2452.58	 2487.08	       28973848	 3858119.50	 2757189.75	 2576236.00	      -8.47	     -12.23	       7.52	
 2018/09/20	 2492.40	 2503.10	 2480.54	 2487.42	       22948441	 2732758.25	 2737613.50	 2581677.75	      -4.03	     -10.59	      13.13	
 2018/09/21	 2495.74	 2573.60	 2485.41	 2573.60	       41753278	 4676001.50	 3218864.00	 2799371.50	       6.38	      -7.20	      27.15	
 2018/09/25	 2545.21	 2560.72	 2536.43	 2547.79	       24321290	 2927532.50	 3436091.25	 2869597.25	      12.40	      -3.28	      31.35	
 2018/09/26	 2555.92	 2610.59	 2553.17	 2582.77	       33704338	 4586430.00	 3756168.25	 3093898.75	      19.76	       1.33	      36.87	
 2018/09/27	 2582.12	 2584.07	 2561.58	 2575.45	       22953309	 2983187.00	 3581181.75	 3169185.75	      24.72	       6.01	      37.43	
 2018/09/28	 2580.66	 2618.83	 2577.98	 2606.67	       28780345	 3708606.75	 3776351.50	 3256982.50	      30.82	      10.97	      39.70	
 2018/10/08	 2544.49	 2548.89	 2481.18	 2486.82	       33707752	 4589648.00	 3759080.75	 3488972.50	      25.68	      13.91	      23.54	
 2018/10/09	 2481.59	 2506.27	 2476.35	 2491.66	       21668620	 2782174.00	 3730009.25	 3583050.25	      21.75	      15.48	      12.55	
 2018/10/10	 2495.86	 2518.61	 2472.19	 2494.06	       20421095	 2905598.50	 3393842.75	 3575005.50	      18.62	      16.11	       5.02	
 2018/10/11	 2412.22	 2446.37	 2369.03	 2390.50	       36931486	 4714441.50	 3740093.75	 3660637.75	       7.69	      14.42	     -13.47	
 2018/10/12	 2398.18	 2452.69	 2390.99	 2444.13	       29000533	 3747024.00	 3747777.25	 3762064.50	       3.32	      12.20	     -17.78	
 2018/10/15	 2443.73	 2448.26	 2407.55	 2412.48	       20543216	 2667333.25	 3363314.25	 3561197.50	      -2.67	       9.23	     -23.80	
 2018/10/16	 2414.32	 2459.88	 2407.00	 2415.49	       19832199	 2611183.25	 3329116.00	 3529562.50	      -7.09	       5.96	     -26.12	
 2018/10/17	 2446.48	 2451.19	 2384.14	 2429.21	       24854130	 3153304.25	 3378657.25	 3386250.00	      -9.38	       2.89	     -24.55	
 2018/10/18	 2416.37	 2416.37	 2367.71	 2369.07	       22765046	 2958037.75	 3027376.50	 3383735.00	     -15.87	      -0.86	     -30.02	
 2018/10/19	 2353.84	 2451.76	 2344.98	 2446.32	       31382548	 4218584.00	 3121688.50	 3434732.75	     -14.60	      -3.61	     -21.99	
 2018/10/22	 2463.49	 2566.63	 2463.49	 2540.15	       46328068	 6439384.00	 3876098.75	 3619706.50	      -5.96	      -4.08	      -3.77	
 2018/10/23	 2539.65	 2544.30	 2451.67	 2464.81	       35418623	 5562179.00	 4466298.00	 3897707.00	      -5.13	      -4.29	      -1.69	
 2018/10/24	 2459.32	 2530.77	 2459.21	 2477.49	       37027581	 4885026.00	 4812642.00	 4095649.75	      -3.42	      -4.11	       1.40	
 2018/10/25	 2419.11	 2486.76	 2415.49	 2485.10	       31130039	 4301201.50	 5081275.00	 4054325.75	      -1.42	      -3.58	       4.31	
 2018/10/26	 2487.00	 2499.76	 2445.83	 2468.91	       28793335	 3774623.75	 4992483.00	 4057085.75	      -1.14	      -3.09	       3.90	
 2018/10/29	 2461.92	 2465.37	 2377.99	 2389.58	       28728277	 4021588.75	 4508924.00	 4192511.25	      -7.23	      -3.92	      -6.62	
 2018/10/30	 2380.47	 2449.29	 2378.82	 2415.65	       32464786	 5208190.00	 4438126.00	 4452212.00	      -9.84	      -5.10	      -9.48	
 2018/10/31	 2424.16	 2460.84	 2413.34	 2451.12	       34500763	 4451220.50	 4351365.00	 4582003.50	      -8.94	      -5.87	      -6.15	
 2018/11/01	 2474.27	 2500.12	 2455.73	 2460.16	       37694390	 5079489.50	 4507022.50	 4794148.50	      -7.42	      -6.18	      -2.48	
 2018/11/02	 2522.39	 2544.19	 2489.07	 2542.77	       47328804	 6209071.50	 4993912.00	 4993197.50	       0.45	      -4.85	      10.61	
 2018/11/05	 2520.88	 2524.65	 2489.59	 2511.59	       28262359	 3730573.25	 4935709.00	 4722316.50	       4.13	      -3.06	      14.37	
 2018/11/06	 2507.36	 2509.64	 2478.38	 2499.68	       22102400	 2783007.00	 4450672.50	 4444399.00	       6.01	      -1.24	      14.50	
 2018/11/07	 2503.68	 2521.15	 2479.25	 2482.33	       26158564	 3089123.25	 4178253.00	 4264809.00	       6.03	       0.21	      11.63	
 2018/11/08	 2507.59	 2511.00	 2480.33	 2486.00	       20311246	 2615558.50	 3685466.75	 4096244.50	       6.27	       1.42	       9.69	
 2018/11/09	 2469.89	 2469.89	 2434.08	 2434.21	       28036742	 3036030.50	 3050858.50	 4022385.25	       2.25	       1.59	       1.33	
 2018/11/12	 2426.83	 2447.46	 2419.97	 2444.97	       22907299	 2968252.75	 2898394.50	 3917051.75	      -0.06	       1.26	      -2.63	
 2018/11/13	 2415.30	 2474.82	 2413.78	 2462.97	       27681898	 3491418.50	 3040076.75	 3745374.50	      -0.43	       0.92	      -2.71	
 2018/11/14	 2462.18	 2462.18	 2425.97	 2429.99	       27016565	 3171002.00	 3056452.50	 3617352.75	      -3.35	       0.07	      -6.84	
 2018/11/15	 2430.19	 2459.43	 2427.07	 2459.14	       24745017	 3025454.50	 3138431.75	 3411949.25	      -3.28	      -0.60	      -5.35	
 2018/11/16	 2458.48	 2482.44	 2443.12	 2461.44	       31500583	 3914511.50	 3314127.75	 3182493.25	      -3.00	      -1.08	      -3.83	
 2018/11/19	 2466.43	 2492.08	 2461.80	 2492.08	       29720153	 3804091.50	 3481295.50	 3189845.00	      -0.30	      -0.93	       1.25	
 2018/11/20	 2475.23	 2484.01	 2441.85	 2446.79	       26945322	 3291338.25	 3441279.50	 3240678.00	      -1.80	      -1.10	      -1.39	
 2018/11/21	 2425.72	 2454.46	 2425.23	 2451.27	       21904534	 2682685.75	 3343616.25	 3200034.50	      -2.59	      -1.40	      -2.38	
 2018/11/22	 2455.77	 2456.91	 2426.12	 2437.64	       16424828	 2106916.75	 3159908.75	 3149170.25	      -4.27	      -1.97	      -4.59	
 2018/11/23	 2433.53	 2441.32	 2398.73	 2399.20	       21219889	 2423146.00	 2861635.75	 3087881.75	      -8.60	      -3.30	     -10.61	
 2018/11/26	 2409.47	 2423.46	 2393.98	 2401.90	       16215339	 1883230.00	 2477463.25	 2979379.50	     -11.69	      -4.98	     -13.42	
 2018/11/27	 2407.23	 2416.44	 2387.93	 2394.29	       14968936	 1794081.38	 2178012.00	 2809645.75	     -14.57	      -6.90	     -15.36	
 2018/11/28	 2396.29	 2426.66	 2394.25	 2421.13	       17059686	 2135117.25	 2068498.25	 2706057.25	     -14.53	      -8.42	     -12.22	
 2018/11/29	 2437.92	 2441.42	 2401.85	 2401.85	       19845353	 2529038.75	 2152922.75	 2656415.75	     -15.87	      -9.91	     -11.91	
 2018/11/30	 2403.23	 2430.65	 2402.54	 2428.04	       19322534	 2315033.75	 2131300.25	 2496468.00	     -14.65	     -10.86	      -7.58	
 2018/12/03	 2492.43	 2500.57	 2467.94	 2488.06	       35369612	 4862858.00	 2727225.75	 2602344.50	      -8.73	     -10.43	       3.40	
 2018/12/04	 2488.58	 2496.81	 2476.91	 2496.14	       23849605	 3072236.00	 2982856.75	 2580434.25	      -3.36	      -9.02	      11.32	
 2018/12/05	 2467.56	 2492.32	 2465.25	 2481.79	       20483609	 2788311.25	 3113495.50	 2590997.00	      -0.25	      -7.26	      14.03	
 2018/12/06	 2453.56	 2460.23	 2431.86	 2434.49	       21671205	 2956105.00	 3198908.75	 2675915.75	      -1.59	      -6.13	       9.08	
 2018/12/07	 2441.38	 2444.98	 2427.89	 2430.72	       14534653	 2082078.13	 3152317.75	 2641809.00	      -2.92	      -5.49	       5.14	
 2018/12/10	 2410.17	 2425.74	 2399.32	 2408.61	       17586515	 2316258.25	 2642997.75	 2685111.75	      -5.69	      -5.53	      -0.33	
 2018/12/11	 2408.92	 2420.52	 2405.87	 2415.58	       12885505	 1705671.13	 2369684.75	 2676270.75	      -7.24	      -5.87	      -2.74	
 2018/12/12	 2437.61	 2437.61	 2414.33	 2423.32	       14230846	 1868331.63	 2185688.75	 2649592.25	      -7.76	      -6.25	      -3.02	
 2018/12/13	 2429.39	 2469.70	 2423.57	 2457.90	       28085510	 3681547.00	 2330777.25	 2764843.00	      -5.32	      -6.06	       1.49	
 2018/12/14	 2446.81	 2448.80	 2423.09	 2423.38	       25855357	 3093477.50	 2533057.00	 2842687.50	      -6.10	      -6.07	      -0.05	
 2018/12/17	 2420.58	 2430.89	 2409.01	 2425.94	       21170997	 2733683.00	 2616542.00	 2629770.00	      -6.43	      -6.14	      -0.58	
 2018/12/18	 2409.58	 2427.68	 2388.98	 2397.87	       20681269	 2549000.75	 2785208.00	 2577446.25	      -8.86	      -6.69	      -4.35	
 2018/12/19	 2401.91	 2403.90	 2366.40	 2369.55	       18664633	 2531396.50	 2917821.00	 2551755.00	     -12.92	      -7.93	      -9.98	
 2018/12/20	 2363.00	 2372.37	 2319.10	 2334.92	       26893461	 3219835.50	 2825478.75	 2578128.00	     -18.72	     -10.09	     -17.26	
 2018/12/21	 2325.98	 2327.44	 2288.40	 2306.15	       24752807	 3127895.75	 2832362.25	 2682709.75	     -25.35	     -13.14	     -24.41	
 2018/12/24	 2293.75	 2311.73	 2286.99	 2309.23	       18318296	 2134449.75	 2712515.75	 2664528.75	     -30.00	     -16.51	     -26.97	
 2018/12/25	 2285.66	 2308.61	 2256.47	 2297.33	       24003262	 2728761.00	 2748467.75	 2766837.75	     -34.26	     -20.06	     -28.39	
 2018/12/26	 2293.29	 2303.20	 2278.29	 2281.56	       15787164	 1868849.38	 2615958.25	 2766889.50	     -38.46	     -23.74	     -29.43	
 2018/12/27	 2310.81	 2313.05	 2275.04	 2276.06	       26756215	 2994833.50	 2570958.00	 2698218.25	     -41.75	     -27.34	     -28.81	
 2018/12/28	 2279.70	 2305.91	 2278.25	 2293.10	       24277348	 3098058.00	 2564990.25	 2698676.25	     -42.49	     -30.37	     -24.24	
 2019/01/02	 2298.18	 2301.06	 2252.75	 2262.79	       20880697	 2811993.50	 2700499.00	 2706507.25	     -45.01	     -33.30	     -23.42	
 2019/01/03	 2259.48	 2287.78	 2253.94	 2269.24	       18895240	 2453492.50	 2645445.50	 2696956.50	     -45.95	     -35.83	     -20.24	
 2019/01/04	 2252.74	 2316.35	 2249.37	 2314.65	       25900596	 3431794.25	 2958034.25	 2786996.25	     -42.55	     -37.17	     -10.75	
 2019/01/07	 2329.03	 2331.60	 2306.90	 2314.32	       25278948	 3195599.50	 2998187.50	 2784572.75	     -39.42	     -37.62	      -3.59	
 2019/01/08	 2312.17	 2312.17	 2298.95	 2305.17	       18131160	 2232912.25	 2825158.50	 2695074.25	     -37.25	     -37.55	       0.60	
 2019/01/09	 2320.91	 2360.36	 2318.44	 2332.72	       28747596	 3748540.50	 3012467.75	 2856483.50	     -32.93	     -36.62	       7.39	
 2019/01/10	 2333.22	 2345.33	 2321.30	 2331.85	       22280507	 2888060.25	 3099381.25	 2872413.25	     -29.24	     -35.15	      11.82	
 2019/01/11	 2342.02	 2360.06	 2334.91	 2354.50	       18417693	 2451411.25	 2903304.75	 2930669.50	     -24.20	     -32.96	      17.51	
 2019/01/14	 2350.26	 2354.31	 2330.00	 2331.14	       16462252	 2064386.50	 2677062.25	 2837624.75	     -21.85	     -30.74	      17.78	
 2019/01/15	 2337.70	 2380.60	 2332.41	 2378.37	       22466336	 3222071.50	 2874894.00	 2850026.25	     -15.99	     -27.79	      23.60	
 2019/01/16	 2375.17	 2385.22	 2366.34	 2381.22	       18097039	 2523575.25	 2629901.00	 2821184.50	     -10.98	     -24.43	      26.88	
 2019/01/17	 2388.59	 2396.80	 2370.58	 2371.35	       21555000	 2696492.75	 2591587.50	 2845484.50	      -7.73	     -21.09	      26.72	
 2019/01/18	 2385.62	 2422.03	 2380.56	 2417.36	       30088200	 3749533.00	 2851211.75	 2877258.25	      -1.42	     -17.15	      31.47	
 2019/01/21	 2418.00	 2443.23	 2418.00	 2432.49	       26237236	 3391253.00	 3116585.00	 2896823.50	       4.75	     -12.77	      35.04	
 2019/01/22	 2430.43	 2430.43	 2394.18	 2401.23	       19373137	 2570275.00	 2986225.75	 2930560.00	       7.03	      -8.81	      31.69	
 2019/01/23	 2397.41	 2414.02	 2392.64	 2397.05	       16290135	 2018505.75	 2885212.00	 2757556.50	       8.41	      -5.37	      27.55	
 2019/01/24	 2401.38	 2414.89	 2385.10	 2411.56	       20415697	 2732850.50	 2892483.50	 2742035.50	      10.55	      -2.18	      25.46	
 2019/01/25	 2419.26	 2453.67	 2418.01	 2441.64	       25683679	 3254423.00	 2793461.50	 2822336.50	      14.50	       1.15	      26.70	
 2019/01/28	 2455.28	 2473.12	 2429.88	 2437.03	       23468163	 3269661.00	 2769143.00	 2942864.00	      17.07	       4.34	      25.47	
 2019/01/29	 2433.31	 2461.52	 2423.46	 2455.90	       21863480	 2714168.25	 2797921.75	 2892073.75	      20.39	       7.55	      25.69	
 2019/01/30	 2445.86	 2462.61	 2439.33	 2440.01	       17835170	 2241421.75	 2842505.00	 2863858.50	      21.49	      10.34	      22.31	
 2019/01/31	 2454.64	 2487.10	 2450.18	 2483.47	       26681298	 3414160.75	 2978767.00	 2935625.25	      25.58	      13.39	      24.39	
 2019/02/01	 2502.10	 2503.55	 2479.34	 2499.64	       21950054	 2936402.25	 2915162.75	 2854312.00	      29.78	      16.66	      26.23	
 2019/02/11	 2485.50	 2528.38	 2484.65	 2527.47	       25211570	 3471519.00	 2955534.50	 2862338.75	      34.95	      20.32	      29.26	
 2019/02/12	 2528.10	 2537.29	 2515.03	 2533.18	       25458804	 3377172.75	 3088135.25	 2943028.50	      39.06	      24.07	      29.98	
 2019/02/13	 2538.42	 2587.88	 2528.23	 2580.61	       39821832	 4800883.50	 3600027.75	 3221266.25	      45.61	      28.38	      34.47	
 2019/02/14	 2572.64	 2585.51	 2564.87	 2576.31	       27718515	 3516846.00	 3620564.75	 3299665.75	      49.89	      32.68	      34.42	
 2019/02/15	 2566.34	 2568.79	 2515.89	 2517.46	       30315796	 3909390.25	 3815162.25	 3365162.50	      47.98	      35.74	      24.47	
 2019/02/18	 2540.53	 2583.40	 2540.30	 2582.85	       37400592	 4787595.50	 4078377.50	 3516956.00	      51.15	      38.82	      24.65	
 2019/02/19	 2586.86	 2614.36	 2568.18	 2579.05	       37907379	 4960750.50	 4395093.00	 3741614.25	      52.74	      41.61	      22.28	
 2019/02/20	 2593.79	 2599.55	 2569.98	 2588.17	       29965181	 3816683.00	 4198253.00	 3899140.25	      54.12	      44.11	      20.03	
 2019/02/21	 2586.74	 2615.47	 2569.48	 2577.23	       35252855	 4440502.00	 4382984.00	 4001774.50	      53.71	      46.03	      15.37	
 2019/02/22	 2576.00	 2623.09	 2555.73	 2623.07	       41384151	 5349196.00	 4670945.50	 4243054.00	      56.44	      48.11	      16.65	
 2019/02/25	 2652.91	 2788.67	 2652.91	 2787.70	       96939051	12500328.00	 6213492.00	 5145935.00	      71.06	      52.70	      36.72	
 2019/02/26	 2781.31	 2804.16	 2729.48	 2733.90	       87230161	11428326.00	 7507007.00	 5951050.00	      77.41	      57.64	      39.54	
 2019/02/27	 2739.11	 2794.93	 2722.31	 2750.34	       75508865	 9109864.00	 8565643.00	 6381948.00	      82.82	      62.68	      40.29	
 2019/02/28	 2749.87	 2767.86	 2733.03	 2743.97	       46340959	 6218634.00	 8921270.00	 6652127.00	      85.61	      67.26	      36.69	
 2019/03/01	 2764.95	 2819.47	 2747.21	 2819.47	       56100147	 7633369.50	 9378104.00	 7024525.00	      92.84	      72.38	      40.92	
 2019/03/04	 2839.40	 2907.82	 2816.98	 2832.59	       92180167	11885425.00	 9255124.00	 7734308.00	      98.49	      77.60	      41.78	
 2019/03/05	 2829.50	 2835.11	 2807.12	 2828.87	       60349235	 7528872.50	 8475233.00	 7991120.00	     101.50	      82.38	      38.24	
 2019/03/06	 2827.86	 2847.38	 2797.50	 2840.27	       69492224	 9106094.00	 8474479.00	 8520061.00	     103.61	      86.63	      33.97	
 2019/03/07	 2831.36	 2831.36	 2773.35	 2789.70	       73263959	10223246.00	 9275401.00	 9098336.00	     100.05	      89.31	      21.48	
 2019/03/08	 2731.53	 2753.55	 2684.20	 2685.59	       72033928	 9638837.00	 9676495.00	 9527300.00	      87.82	      89.01	      -2.39	
 2019/03/11	 2683.76	 2714.09	 2670.79	 2708.60	       52014052	 7019869.00	 8703384.00	 8979254.00	      79.06	      87.02	     -15.92	
 2019/03/12	 2730.53	 2759.61	 2704.69	 2719.77	       64867544	 8505184.00	 8898646.00	 8686940.00	      72.20	      84.06	     -23.72	
 2019/03/13	 2731.50	 2747.96	 2699.98	 2723.96	       54064571	 7411760.50	 8559779.00	 8517129.00	      66.33	      80.51	     -28.37	
 2019/03/14	 2720.19	 2752.66	 2716.27	 2729.13	       43471813	 6256791.00	 7766488.50	 8520945.00	      61.39	      76.69	     -30.60	
 2019/03/15	 2736.00	 2783.51	 2735.86	 2755.81	       44123096	 6725846.00	 7183890.00	 8430192.00	      58.95	      73.14	     -28.39	
 2019/03/18	 2763.23	 2827.26	 2749.20	 2825.18	       61605235	 8765520.00	 7533020.50	 8118202.00	      61.89	      70.89	     -17.99	
 2019/03/19	 2830.24	 2842.45	 2797.72	 2806.90	       43459056	 6236268.00	 7079237.00	 7988941.50	      62.04	      69.12	     -14.16	
 2019/03/20	 2799.32	 2831.63	 2787.28	 2812.92	       40322247	 5842904.50	 6765466.00	 7662622.50	      61.93	      67.68	     -11.51	
 2019/03/21	 2816.45	 2822.63	 2799.83	 2802.96	       43631385	 6373140.00	 6788735.50	 7277612.00	      60.34	      66.21	     -11.75	
 2019/03/22	 2804.72	 2813.52	 2771.96	 2795.39	       35988070	 5050905.00	 6453747.50	 6818819.00	      57.81	      64.53	     -13.45	
 2019/03/25	 2757.81	 2765.84	 2717.29	 2718.18	       52140915	 6620796.00	 6024802.50	 6778911.50	      49.00	      61.43	     -24.85	
 2019/03/26	 2737.37	 2739.29	 2693.91	 2706.15	       40073955	 5261274.00	 5829804.00	 6454520.50	      40.58	      57.26	     -33.35	
 2019/03/27	 2721.14	 2751.72	 2714.10	 2741.59	       33542018	 5190087.00	 5699240.50	 6232353.00	      36.35	      53.08	     -33.44	
 2019/03/28	 2728.04	 2742.70	 2709.39	 2733.97	       31840303	 4663187.00	 5357250.00	 6072993.00	      32.02	      48.87	     -33.69	
 2019/03/29	 2747.54	 2845.23	 2746.11	 2838.51	       59676669	 9055042.00	 6158077.00	 6305912.50	      36.60	      46.41	     -19.63	
 2019/04/01	 2860.14	 2906.15	 2860.14	 2892.62	       77912146	10451380.00	 6924194.00	 6474498.50	      44.08	      45.95	      -3.73	
 2019/04/02	 2900.63	 2903.87	 2878.39	 2888.53	       61187461	 7754095.00	 7422758.00	 6626281.00	      49.12	      46.58	       5.08	
 2019/04/03	 2869.85	 2923.92	 2865.30	 2920.00	       64723749	 8156204.00	 8015981.50	 6857611.00	      55.02	      48.27	      13.50	
 2019/04/04	 2927.10	 2959.59	 2921.20	 2951.98	       73035716	 8999949.00	 8883334.00	 7120292.00	      61.56	      50.93	      21.27	
 2019/04/08	 2978.50	 3007.83	 2938.65	 2962.27	       74531909	 9753330.00	 9022992.00	 7590534.50	      66.81	      54.10	      25.41	
 2019/04/09	 2968.08	 2980.12	 2948.31	 2967.51	       50802142	 7230980.00	 8378911.50	 7651553.00	      70.57	      57.40	      26.35	
 2019/04/10	 2957.27	 2996.41	 2941.35	 2979.10	       48692438	 7507299.50	 8329552.50	 7876155.50	      73.64	      60.65	      26.00	
 2019/04/11	 2982.39	 3000.10	 2920.19	 2928.43	       42811144	 6400172.00	 7978346.00	 7997164.00	      71.17	      62.75	      16.84	
 2019/04/12	 2920.55	 2933.45	 2903.27	 2920.52	       32521633	 4731824.00	 7124721.00	 8004027.50	      67.79	      63.76	       8.06	
 2019/04/15	 2973.02	 2999.33	 2924.60	 2924.93	       58437528	 7770607.00	 6728176.50	 7875584.00	      64.72	      63.95	       1.54	
 2019/04/16	 2914.99	 3023.03	 2909.67	 3023.03	       70764163	 8529916.00	 6987963.50	 7683437.50	      69.40	      65.04	       8.72	
 2019/04/17	 3017.39	 3035.41	 2996.76	 3017.42	       49960675	 6431721.00	 6772848.00	 7551200.00	      71.83	      66.40	      10.87	
 2019/04/18	 3014.91	 3019.54	 2993.27	 3004.92	       39670684	 5000908.50	 6492995.50	 7235670.50	      71.92	      67.50	       8.84	
 2019/04/19	 3013.67	 3043.93	 2989.55	 3042.43	       39943672	 5603540.50	 6667338.50	 6896030.00	      74.16	      68.84	      10.66	
 2019/04/22	 3047.43	 3048.82	 2962.36	 2970.49	       56759697	 7486575.50	 6610532.50	 6669354.50	      69.34	      68.94	       0.80	
 2019/04/23	 2968.00	 3007.35	 2964.98	 2978.85	       41065456	 5739871.00	 6052523.50	 6520243.50	      65.43	      68.24	      -5.61	
 2019/04/24	 2989.96	 3001.53	 2933.53	 2974.85	       35425729	 5108127.50	 5787804.50	 6280326.50	      61.31	      66.85	     -11.09	
 2019/04/25	 2962.74	 2973.22	 2924.02	 2928.00	       38934483	 5230255.50	 5833674.00	 6163334.50	      53.64	      64.21	     -21.14	
 2019/04/26	 2913.77	 2930.21	 2892.53	 2892.86	       36562197	 5226189.00	 5758203.50	 6212771.00	      44.22	      60.21	     -31.98	
 2019/04/29	 2906.47	 2968.16	 2899.83	 2939.41	       39249355	 6077263.00	 5476341.00	 6043437.00	      40.05	      56.18	     -32.26	
 2019/04/30	 2935.24	 2955.88	 2919.49	 2945.24	       32127983	 4953514.50	 5319070.00	 5685796.50	      36.78	      52.30	     -31.03	
 2019/05/06	 2853.88	 2867.60	 2768.80	 2805.04	       62436063	 9381655.00	 6173775.50	 5980790.00	      22.63	      46.36	     -47.47	
 2019/05/07	 2814.47	 2833.20	 2777.73	 2806.26	       35418177	 5933429.00	 6314410.00	 6074042.00	      11.38	      39.37	     -55.98	
 2019/05/08	 2753.61	 2796.47	 2750.93	 2758.24	       30398772	 4786786.00	 6226529.50	 5992366.50	      -1.40	      31.21	     -65.23	
 2019/05/09	 2740.35	 2748.01	 2686.47	 2698.78	       30758681	 5281787.50	 6067434.50	 5771888.00	     -16.14	      21.74	     -75.76	
 2019/05/10	 2731.58	 2798.87	 2698.81	 2793.76	       39453278	 6400388.50	 6356809.00	 5837939.50	     -19.92	      13.41	     -66.67	
 2019/05/13	 2751.76	 2767.48	 2736.84	 2741.11	       26590971	 4007613.75	 5282001.00	 5727888.00	     -26.86	       5.35	     -64.44	
 2019/05/14	 2716.73	 2754.69	 2716.73	 2724.73	       26222018	 4169081.75	 4929131.50	 5621771.00	     -33.30	      -2.38	     -61.85	
 2019/05/15	 2743.78	 2797.15	 2743.78	 2783.54	       30718920	 4700865.50	 4911947.50	 5569238.50	     -33.27	      -8.56	     -49.43	
 2019/05/16	 2777.85	 2793.76	 2766.15	 2791.41	       28946302	 3957359.75	 4647062.00	 5357248.00	     -32.24	     -13.29	     -37.90	
 2019/05/17	 2792.08	 2792.51	 2728.93	 2735.21	       30072063	 4288148.50	 4224614.00	 5290711.50	     -35.55	     -17.75	     -35.62	
 2019/05/20	 2726.07	 2746.66	 2697.61	 2715.43	       31202646	 4132062.50	 4249503.50	 4765752.50	     -39.32	     -22.06	     -34.52	
 2019/05/21	 2717.87	 2764.48	 2712.04	 2739.79	       26969051	 3832265.50	 4182140.25	 4555636.00	     -39.88	     -25.62	     -28.51	
 2019/05/22	 2739.11	 2745.86	 2714.65	 2725.73	       23168729	 3159420.50	 3873851.25	 4392899.50	     -40.98	     -28.70	     -24.58	
 2019/05/23	 2710.57	 2713.94	 2679.54	 2685.93	       27810156	 3724202.75	 3827220.00	 4237141.00	     -44.56	     -31.87	     -25.38	
 2019/05/24	 2693.88	 2722.34	 2692.53	 2702.03	       21237076	 2927223.75	 3555035.00	 3889824.50	     -45.57	     -34.61	     -21.92	
 2019/05/27	 2696.26	 2731.30	 2667.38	 2722.33	       27243848	 3860291.25	 3500680.75	 3875092.25	     -44.22	     -36.53	     -15.37	
 2019/05/28	 2719.06	 2759.78	 2716.31	 2748.80	       34670056	 5058400.00	 3745907.75	 3964024.00	     -40.54	     -37.33	      -6.42	
 2019/05/29	 2728.44	 2780.31	 2724.85	 2755.81	       24940857	 4231270.00	 3960277.50	 3917064.50	     -36.65	     -37.20	       1.10	
 2019/05/30	 2748.43	 2752.69	 2721.88	 2742.96	       24398405	 3356387.75	 3886714.50	 3856967.25	     -34.20	     -36.60	       4.79	
 2019/05/31	 2740.30	 2762.39	 2728.95	 2728.95	       22188152	 3074852.25	 3916240.25	 3735637.50	     -33.01	     -35.88	       5.74	
 2019/06/03	 2737.81	 2762.08	 2723.93	 2743.06	       27092220	 3638274.00	 3871836.75	 3686258.75	     -30.58	     -34.82	       8.48	
 2019/06/04	 2744.70	 2746.51	 2713.80	 2721.31	       22275832	 3149730.50	 3490103.00	 3618005.25	     -30.06	     -33.87	       7.62	
 2019/06/05	 2741.94	 2747.23	 2717.93	 2719.60	       25766253	 3512672.75	 3346383.50	 3653330.50	     -29.44	     -32.98	       7.08	
 2019/06/06	 2727.70	 2727.70	 2701.92	 2706.76	       21390312	 2922645.50	 3259635.00	 3573174.75	     -29.65	     -32.32	       5.33	
 2019/06/10	 2717.91	 2752.88	 2712.16	 2743.37	       27088081	 3953624.75	 3435389.50	 3675815.00	     -26.56	     -31.16	       9.22	
 2019/06/11	 2750.54	 2816.99	 2750.54	 2812.90	       40850315	 6109905.50	 3929715.75	 3900776.25	     -18.28	     -28.59	      20.61	
 2019/06/12	 2802.53	 2805.01	 2790.18	 2796.73	       26445230	 3665547.25	 4032879.25	 3761491.00	     -12.88	     -25.45	      25.13	
 2019/06/13	 2798.02	 2804.76	 2771.86	 2794.54	       23452887	 3235859.75	 3977516.50	 3661950.00	      -8.68	     -22.09	      26.83	
 2019/06/14	 2798.40	 2816.18	 2781.72	 2785.61	       26124830	 3543268.25	 4101641.00	 3680638.00	      -6.00	     -18.87	      25.75	
 2019/06/17	 2785.47	 2813.45	 2785.47	 2793.70	       20477851	 2917243.50	 3894364.75	 3664877.25	      -3.18	     -15.73	      25.10	
 2019/06/18	 2800.83	 2809.87	 2785.38	 2806.45	       21676404	 2883369.50	 3249057.75	 3589386.75	       0.07	     -12.57	      25.29	
 2019/06/19	 2872.07	 2879.23	 2842.42	 2842.74	       41160110	 6170081.50	 3749964.50	 3891421.75	       5.52	      -8.95	      28.95	
 2019/06/20	 2847.32	 2954.03	 2846.44	 2942.63	       57360369	 8726486.00	 4848090.00	 4412803.00	      17.69	      -3.62	      42.64	
 2019/06/21	 2939.65	 2958.23	 2929.90	 2938.77	       46560205	 6875173.00	 5514470.50	 4808056.00	      26.72	       2.44	      48.55	
 2019/06/24	 2942.51	 2958.02	 2931.67	 2949.52	       29016018	 4851797.00	 5901381.50	 4897873.00	      34.35	       8.83	      51.04	
 2019/06/25	 2946.02	 2946.71	 2875.37	 2910.12	       38165595	 6451097.00	 6614927.00	 4931992.50	      36.79	      14.42	      44.74	
 2019/06/26	 2896.76	 2915.24	 2891.00	 2903.49	       24024660	 3674951.75	 6115901.00	 4932932.50	      37.75	      19.08	      37.33	
 2019/06/27	 2917.20	 2952.91	 2914.96	 2937.13	       33472487	 5401559.50	 5450915.50	 5149502.50	      40.76	      23.42	      34.68	
 2019/06/28	 2932.69	 2937.29	 2911.67	 2930.60	       23708671	 3734814.75	 4822844.00	 5168657.50	      42.13	      27.16	      29.94	
 2019/07/01	 2984.65	 3011.91	 2978.75	 3002.94	       42622714	 6765886.50	 5205662.00	 5553521.50	      48.50	      31.43	      34.13	
 2019/07/02	 3000.78	 3003.88	 2988.47	 2999.08	       34629488	 5020295.50	 4919501.50	 5767214.00	      52.62	      35.67	      33.91	
 2019/07/03	 2990.05	 2990.05	 2953.70	 2964.73	       33918965	 5294882.00	 5243487.50	 5679694.50	      52.52	      39.04	      26.96	
 2019/07/04	 2966.33	 2974.80	 2939.97	 2953.27	       32928834	 4924094.00	 5147994.50	 5299455.00	      50.92	      41.41	      19.01	
 2019/07/05	 2952.71	 2967.98	 2937.60	 2961.92	       23845345	 3797240.75	 5160480.00	 4991662.00	      49.78	      43.09	      13.38	
 2019/07/08	 2944.97	 2944.97	 2877.74	 2897.51	       33732588	 4893199.00	 4785942.00	 4995802.00	      43.18	      43.10	       0.15	
 2019/07/09	 2894.33	 2902.14	 2872.03	 2881.55	       21374700	 3305215.75	 4442926.50	 4681214.00	      36.24	      41.73	     -10.98	
 2019/07/10	 2896.70	 2897.58	 2870.67	 2878.78	       18911521	 3056738.50	 3995297.50	 4619392.50	      30.17	      39.42	     -18.49	
 2019/07/11	 2897.47	 2918.94	 2879.64	 2887.83	       21157266	 3705760.25	 3751630.75	 4449812.50	      25.80	      36.70	     -21.79	
 2019/07/12	 2883.09	 2912.90	 2878.20	 2902.13	       21454210	 3610286.00	 3714240.00	 4437360.00	      23.22	      34.00	     -21.57	
 2019/07/15	 2885.98	 2920.16	 2850.10	 2902.61	       28196106	 4551842.50	 3645968.50	 4215955.50	      20.97	      31.39	     -20.85	
 2019/07/16	 2900.05	 2905.11	 2881.40	 2884.56	       17411517	 2962263.00	 3577378.00	 4010152.25	      17.53	      28.62	     -22.19	
 2019/07/17	 2877.49	 2892.34	 2866.47	 2875.03	       18099830	 2923460.50	 3550722.50	 3773010.00	      13.87	      25.67	     -23.60	
 2019/07/18	 2869.73	 2872.24	 2859.07	 2859.16	       19542086	 3076613.25	 3424893.00	 3588262.00	       9.58	      22.45	     -25.74	
 2019/07/19	 2875.96	 2906.55	 2875.90	 2895.63	       22451089	 3695483.75	 3441932.50	 3578086.25	       9.02	      19.77	     -21.49	
 2019/07/22	 2897.79	 2905.35	 2872.53	 2881.90	       23603184	 3345922.50	 3200748.50	 3423358.50	       7.39	      17.29	     -19.81	
 2019/07/23	 2885.70	 2889.39	 2871.51	 2881.10	       20448748	 2952299.50	 3198756.00	 3388067.00	       5.96	      15.02	     -18.14	
 2019/07/24	 2894.94	 2923.40	 2894.59	 2906.55	       26019871	 4043728.50	 3422809.50	 3486766.00	       6.80	      13.38	     -13.16	
 2019/07/25	 2911.01	 2931.18	 2903.31	 2931.18	       22933113	 3499477.00	 3507382.25	 3466137.75	       9.34	      12.57	      -6.45	
 2019/07/26	 2918.11	 2943.07	 2918.01	 2939.35	       23521864	 3301528.50	 3428591.25	 3435262.00	      11.89	      12.43	      -1.10	
 2019/07/29	 2936.64	 2938.73	 2922.68	 2930.49	       22372005	 3123896.50	 3384186.00	 3292467.25	      13.03	      12.55	       0.96	
 2019/07/30	 2939.14	 2958.30	 2938.90	 2944.02	       22696980	 3440099.25	 3481746.00	 3340251.00	      14.86	      13.02	       3.70	
 2019/07/31	 2931.85	 2932.65	 2906.71	 2912.66	       23888034	 3606912.50	 3394382.75	 3408596.00	      13.63	      13.14	       0.98	
 2019/08/01	 2901.15	 2909.47	 2880.30	 2887.87	       24271683	 3465880.00	 3387663.25	 3447522.75	      10.53	      12.62	      -4.18	
 2019/08/02	 2837.37	 2852.12	 2831.66	 2843.77	       29943968	 4276940.50	 3582745.75	 3505668.50	       4.46	      10.98	     -13.05	
 2019/08/05	 2823.35	 2828.48	 2785.90	 2786.72	       28350976	 4086946.50	 3775355.75	 3579771.00	      -4.90	       7.81	     -25.41	
 2019/08/06	 2736.68	 2771.79	 2718.21	 2760.68	       36941691	 5524628.50	 4192261.50	 3837003.75	     -14.25	       3.40	     -35.29	
 2019/08/07	 2771.24	 2773.94	 2747.25	 2747.25	       24588464	 3513193.25	 4173517.75	 3783950.25	     -22.49	      -1.78	     -41.41	
 2019/08/08	 2771.45	 2790.14	 2768.71	 2786.87	       29406960	 3875252.75	 4255392.50	 3821527.75	     -25.52	      -6.53	     -37.99	
 2019/08/09	 2800.44	 2802.81	 2767.14	 2772.15	       25380966	 3410473.25	 4082098.75	 3832422.25	     -28.78	     -10.98	     -35.61	
 2019/08/12	 2787.44	 2825.09	 2782.77	 2824.80	       22136997	 3863048.25	 4037319.25	 3906337.50	     -26.81	     -14.15	     -25.33	
 2019/08/13	 2807.96	 2812.49	 2787.12	 2792.91	       21464034	 3120393.75	 3556472.25	 3874367.00	     -27.50	     -16.82	     -21.37	
 2019/08/14	 2827.04	 2831.34	 2803.86	 2804.36	       26108221	 3900128.75	 3633859.25	 3903688.50	     -26.82	     -18.82	     -16.00	
 2019/08/15	 2758.74	 2815.15	 2756.38	 2814.39	       25284675	 3596705.50	 3578150.00	 3916771.00	     -25.18	     -20.09	     -10.18	
 2019/08/16	 2817.27	 2846.26	 2805.81	 2824.23	       24147328	 4045410.25	 3705137.25	 3893618.00	     -22.82	     -20.64	      -4.37	
 2019/08/19	 2839.25	 2877.47	 2823.87	 2877.23	       41911167	 6008743.50	 4134276.25	 4085797.75	     -16.49	     -19.81	       6.64	
 2019/08/20	 2869.16	 2883.55	 2864.71	 2875.65	       29817583	 4161060.50	 4342409.50	 3949441.00	     -11.46	     -18.14	      13.35	
 2019/08/21	 2868.63	 2875.01	 2864.81	 2869.22	       21637444	 3169784.00	 4196341.00	 3915100.00	      -7.90	     -16.09	      16.37	
 2019/08/22	 2878.73	 2881.06	 2862.44	 2878.00	       20493057	 3120999.75	 4101199.50	 3839674.75	      -4.33	     -13.74	      18.82	
 2019/08/23	 2880.57	 2923.93	 2876.02	 2917.38	       24138057	 4546408.00	 4201399.00	 3953268.25	       1.66	     -10.66	      24.64	
 2019/08/26	 2869.46	 2882.45	 2854.51	 2863.48	       26436578	 4641240.50	 3927898.50	 4031087.50	       2.04	      -8.12	      20.32	
 2019/08/27	 2883.42	 2915.84	 2881.00	 2887.24	       35741368	 5718330.50	 4239352.50	 4290881.00	       4.21	      -5.65	      19.72	
 2019/08/28	 2883.35	 2887.85	 2860.71	 2867.03	       23610765	 4158818.75	 4437159.50	 4316750.00	       4.24	      -3.67	      15.84	
 2019/08/29	 2867.77	 2871.63	 2843.28	 2855.45	       22386670	 3747557.00	 4562471.00	 4331835.50	       3.30	      -2.28	      11.16	
 2019/08/30	 2878.21	 2886.35	 2856.03	 2872.40	       25922975	 4382550.00	 4529699.50	 4365549.00	       3.88	      -1.05	       9.85	
 2019/09/02	 2871.29	 2902.41	 2866.75	 2894.96	       29753214	 4588875.00	 4519226.00	 4223562.50	       6.08	       0.38	      11.41	
 2019/09/03	 2897.29	 2900.76	 2878.10	 2892.18	       25904982	 3997205.25	 4175001.25	 4207177.00	       7.52	       1.81	      11.43	
 2019/09/04	 2888.97	 2919.68	 2887.59	 2919.68	       37647144	 5364445.00	 4416126.50	 4426643.00	      10.76	       3.60	      14.32	
 2019/09/05	 2938.14	 2988.21	 2938.14	 2955.84	       52852272	 7927904.00	 5252196.00	 4907333.50	      16.05	       6.09	      19.93	
 2019/09/06	 2974.80	 2981.24	 2955.82	 2981.07	       31465367	 4925354.50	 5360757.00	 4945228.00	      22.03	       9.28	      25.51	
 2019/09/09	 3004.80	 3008.67	 2974.23	 2981.59	       38695798	 6001223.00	 5643226.50	 5081226.50	      26.51	      12.72	      27.57	
 2019/09/10	 2987.51	 2988.06	 2958.31	 2969.80	       36034678	 5134796.50	 5870744.50	 5022873.00	      28.77	      15.93	      25.68	
 2019/09/11	 2978.97	 2980.66	 2946.57	 2957.14	       35199335	 5742085.50	 5946272.50	 5181199.50	      29.21	      18.59	      21.24	
 2019/09/12	 2970.01	 3001.23	 2963.45	 2999.56	       31824410	 5226798.00	 5406051.50	 5329123.50	      32.60	      21.39	      22.42	
 2019/09/16	 3003.65	 3004.88	 2972.58	 2982.45	       32533939	 4800250.00	 5381030.50	 5370893.50	      33.52	      23.81	      19.41	
 2019/09/17	 2974.01	 2974.01	 2929.31	 2937.01	       30722495	 4565198.00	 5093825.50	 5368526.00	      30.23	      25.10	      10.27	
 2019/09/18	 2947.97	 2967.86	 2947.68	 2954.36	       23353923	 4168389.75	 4900544.00	 5385644.50	      28.70	      25.82	       5.76	
 2019/09/19	 2965.03	 2965.11	 2941.66	 2956.83	       20942809	 3484667.50	 4449060.50	 5197666.50	      27.37	      26.13	       2.48	
 2019/09/20	 2964.92	 2970.72	 2956.92	 2963.43	       30230028	 4772926.50	 4358286.50	 4882169.00	      26.54	      26.21	       0.66	
 2019/09/23	 2955.26	 2955.26	 2916.43	 2930.91	       23782646	 3923246.25	 4182885.50	 4781958.00	      22.99	      25.57	      -5.15	
 2019/09/24	 2936.95	 2956.29	 2929.60	 2940.08	       22732296	 4026678.00	 4075181.50	 4584503.50	      20.68	      24.59	      -7.81	
 2019/09/25	 2930.14	 2942.00	 2923.15	 2928.84	       22526512	 3589444.75	 3959392.50	 4429968.50	      17.74	      23.22	     -10.96	
 2019/09/26	 2939.68	 2952.87	 2926.54	 2927.88	       31466918	 4481532.50	 4158765.50	 4303913.00	      15.16	      21.61	     -12.90	
 2019/09/27	 2929.32	 2934.33	 2916.07	 2929.47	       23014561	 3242235.50	 3852627.50	 4105457.00	      13.09	      19.90	     -13.63	
 2019/09/30	 2917.07	 2933.51	 2897.68	 2897.70	       19233021	 3026581.25	 3673294.50	 3928090.00	       8.78	      17.68	     -17.79	
 2019/10/08	 2898.53	 2938.87	 2898.53	 2922.35	       24961388	 3907450.00	 3649448.75	 3862315.25	       7.28	      15.60	     -16.64	
 2019/10/09	 2908.17	 2931.64	 2896.26	 2922.98	       26136018	 4041267.25	 3739813.25	 3849603.00	       6.06	      13.69	     -15.26	
 2019/10/10	 2917.82	 2944.02	 2910.35	 2940.80	       21996133	 3584265.50	 3560360.00	 3859562.75	       6.47	      12.25	     -11.56	
 2019/10/11	 2952.47	 2989.75	 2945.01	 2983.12	       31177123	 4816862.00	 3875285.25	 3863956.25	      10.08	      11.82	      -3.46	
 2019/10/14	 3007.36	 3040.50	 2997.66	 3013.53	       42543315	 5673517.00	 4404672.50	 4038983.50	      15.23	      12.50	       5.46	
 2019/10/15	 3018.86	 3019.29	 3005.87	 3015.42	       25446083	 3722230.25	 4367628.50	 4008538.50	      19.24	      13.85	      10.78	
 2019/10/16	 3015.17	 3043.45	 2999.38	 3004.72	       26256367	 4228239.00	 4405023.00	 4072418.00	      21.30	      15.34	      11.93	
 2019/10/17	 3009.69	 3018.65	 2997.84	 3011.75	       18936107	 3158523.75	 4319874.50	 3940117.25	      23.24	      16.92	      12.65	
 2019/10/18	 3020.01	 3027.61	 2961.13	 2963.18	       24631271	 3735608.00	 4103623.50	 3989454.50	      20.62	      17.66	       5.92	
 2019/10/21	 2957.97	 2973.79	 2950.30	 2968.91	       24223543	 3673397.75	 3703599.75	 4054136.00	      18.79	      17.88	       1.81	
 2019/10/22	 2983.84	 2983.84	 2956.90	 2973.22	       21001262	 2991229.75	 3557399.75	 3962514.00	      17.48	      17.80	      -0.64	
 2019/10/23	 2969.98	 2977.68	 2945.84	 2954.31	       22633012	 3060831.50	 3323918.25	 3864470.50	      14.75	      17.19	      -4.88	
 2019/10/24	 2963.34	 2976.37	 2945.68	 2959.03	       24482739	 3420645.00	 3376342.50	 3848108.50	      12.82	      16.32	      -6.99	
 2019/10/25	 2955.51	 2970.54	 2935.06	 2967.05	       24522583	 4383027.00	 3505826.25	 3804725.00	      11.80	      15.42	      -7.23	
 2019/10/28	 2967.63	 2984.94	 2962.40	 2981.36	       28490213	 4248053.50	 3620757.25	 3662178.50	      12.01	      14.74	      -5.45	
 2019/10/29	 2982.45	 2984.35	 2968.21	 2968.28	       21802993	 3400011.75	 3702513.75	 3629956.75	      11.00	      13.99	      -5.98	
 2019/10/30	 2966.76	 2971.90	 2946.97	 2952.12	       21820115	 3365335.50	 3763414.50	 3543666.25	       8.78	      12.95	      -8.32	
 2019/10/31	 2964.91	 2966.59	 2948.33	 2954.73	       26277647	 4215876.50	 3922460.75	 3649401.50	       7.16	      11.79	      -9.26	
 2019/11/01	 2953.74	 3005.18	 2947.60	 3002.65	       28879939	 4672780.50	 3980411.50	 3743119.00	       9.63	      11.36	      -3.46	
 2019/11/04	 3012.94	 3025.64	 3011.20	 3022.27	       30906972	 4778395.50	 4086480.00	 3853618.75	      13.02	      11.69	       2.66	
 2019/11/05	 3024.87	 3065.93	 3015.80	 3039.98	       38359862	 5576063.00	 4521690.00	 4112102.00	      16.94	      12.74	       8.40	
 2019/11/06	 3041.42	 3045.46	 3024.75	 3032.79	       29174816	 4080889.75	 4664801.00	 4214108.00	      19.24	      14.04	      10.41	
 2019/11/07	 3034.16	 3044.72	 3021.69	 3033.30	       23317946	 3476020.50	 4516830.00	 4219645.50	      20.87	      15.41	      10.93	
 2019/11/08	 3052.69	 3055.60	 3011.37	 3012.46	       28297012	 4131635.50	 4408601.00	 4194506.00	      20.24	      16.37	       7.74	
 2019/11/11	 2995.14	 2995.14	 2962.68	 2965.71	       28511827	 4013402.00	 4255602.00	 4171041.00	      15.79	      16.26	      -0.93	
 2019/11/12	 2973.00	 2978.17	 2954.78	 2971.36	       20527695	 3129783.00	 3766346.25	 4144018.25	      12.58	      15.52	      -5.89	
 2019/11/13	 2967.62	 2976.26	 2955.10	 2967.67	       22621812	 3721194.75	 3694407.25	 4179604.00	       9.62	      14.34	      -9.44	
 2019/11/14	 2975.48	 2980.70	 2964.92	 2968.57	       22123548	 3576860.75	 3714575.25	 4115702.50	       7.27	      12.93	     -11.32	
 2019/11/15	 2972.48	 2976.37	 2953.76	 2954.70	       22029561	 3251969.00	 3538642.00	 3973621.50	       4.23	      11.19	     -13.91	
 2019/11/18	 2954.78	 2985.97	 2949.47	 2980.95	       23876300	 3468592.25	 3429680.00	 3842641.00	       3.90	       9.73	     -11.66	
 2019/11/19	 2973.57	 3000.75	 2973.57	 3000.75	       24265871	 3627406.25	 3529204.50	 3647775.50	       5.18	       8.82	      -7.29	
 2019/11/20	 2991.42	 2996.51	 2962.71	 2968.12	       22511696	 3359133.00	 3456792.25	 3575599.75	       3.51	       7.76	      -8.49	
 2019/11/21	 2957.07	 2957.35	 2940.15	 2949.34	       21914452	 3526379.50	 3446696.00	 3580635.50	       0.67	       6.34	     -11.34	
 2019/11/22	 2952.77	 2967.78	 2913.18	 2922.27	       26802021	 4600498.50	 3716402.00	 3627522.00	      -3.72	       4.33	     -16.10	
 2019/11/25	 2926.15	 2951.79	 2925.40	 2951.25	       33302211	 4755985.00	 3973880.50	 3701780.25	      -4.81	       2.50	     -14.62	
 2019/11/26	 2962.37	 2965.39	 2943.55	 2946.57	       30225430	 4377603.00	 4123919.75	 3826562.25	      -5.98	       0.81	     -13.57	
 2019/11/27	 2948.34	 2953.39	 2933.28	 2944.32	       20359377	 3018255.25	 4055744.25	 3756268.25	      -7.01	      -0.76	     -12.50	
 2019/11/28	 2945.34	 2952.26	 2922.55	 2930.48	       17773346	 2632095.50	 3876887.50	 3661791.75	      -8.84	      -2.37	     -12.93	
 2019/11/29	 2923.45	 2927.25	 2879.93	 2894.72	       20790150	 4170031.50	 3790794.00	 3753598.00	     -13.02	      -4.50	     -17.04	
 2019/12/02	 2896.51	 2913.74	 2893.42	 2899.44	       21334638	 3492012.75	 3537999.50	 3755940.00	     -15.78	      -6.76	     -18.04	
 2019/12/03	 2892.42	 2909.95	 2876.52	 2909.62	       19088333	 3216249.75	 3305729.00	 3714824.50	     -16.94	      -8.80	     -16.30	
 2019/12/04	 2902.13	 2903.94	 2887.84	 2901.07	       19438168	 2911465.00	 3284371.00	 3670057.50	     -18.35	     -10.71	     -15.28	
 2019/12/05	 2912.94	 2927.34	 2907.77	 2921.95	       22464511	 3572256.25	 3472403.00	 3674645.25	     -17.57	     -12.08	     -10.98	
 2019/12/06	 2928.36	 2939.82	 2922.43	 2939.82	       21383576	 3359290.75	 3310255.00	 3550524.50	     -15.34	     -12.73	      -5.21	
 2019/12/09	 2944.16	 2945.27	 2923.79	 2933.04	       25034095	 3806111.00	 3373074.50	 3455537.00	     -13.95	     -12.97	      -1.96	
 2019/12/10	 2925.95	 2937.78	 2923.75	 2936.99	       20246093	 3107384.00	 3351301.50	 3328515.25	     -12.39	     -12.86	       0.93	
 2019/12/11	 2947.54	 2953.94	 2934.04	 2949.65	       23592999	 3364181.50	 3441844.75	 3363107.75	     -10.02	     -12.29	       4.54	
 2019/12/12	 2954.40	 2954.40	 2934.00	 2938.04	       20689842	 3295897.50	 3386573.00	 3429488.00	      -8.98	     -11.63	       5.30	
 2019/12/13	 2968.86	 3006.31	 2967.85	 3006.31	       41894582	 6664726.50	 4047660.00	 3678957.50	      -2.61	      -9.82	      14.43	
 2019/12/16	 2999.50	 2999.53	 2983.19	 2999.20	       33429792	 6196698.00	 4525777.50	 3949426.00	       1.84	      -7.49	      18.67	
 2019/12/17	 3000.78	 3053.83	 2991.08	 3033.14	       47347335	 7691650.50	 5442631.00	 4396966.00	       8.02	      -4.39	      24.81	
 2019/12/18	 3031.89	 3041.83	 3020.95	 3025.78	       32492619	 5390714.00	 5847937.50	 4644891.00	      12.18	      -1.08	      26.51	
 2019/12/19	 3027.67	 3029.70	 3009.87	 3017.71	       26929092	 4204927.50	 6029743.50	 4708158.00	      14.65	       2.07	      25.17	
 2019/12/20	 3022.12	 3033.56	 3009.38	 3012.63	       25092228	 4255931.00	 5547984.00	 4797822.00	      16.02	       4.86	      22.32	
 2019/12/23	 3015.29	 3028.56	 2982.02	 2984.24	       27450023	 4614491.50	 5231543.00	 4878660.00	      14.65	       6.82	      15.66	
 2019/12/24	 2985.62	 2999.08	 2982.42	 2996.76	       22275453	 3302081.25	 4353629.00	 4898130.00	      14.40	       8.33	      12.13	
 2019/12/25	 2993.36	 2993.56	 2976.91	 2986.00	       21384876	 3545159.75	 3984518.25	 4916228.00	      13.18	       9.30	       7.76	
 2019/12/26	 2986.31	 3011.64	 2985.53	 3011.64	       23055824	 3812746.75	 3906082.00	 4967912.50	      14.13	      10.27	       7.72	
 2019/12/27	 3012.03	 3047.61	 3012.03	 3017.78	       34420274	 5722045.00	 4199305.00	 4873644.50	      15.19	      11.25	       7.88	
 2019/12/30	 3016.20	 3065.25	 3007.96	 3062.75	       43666647	 7697353.00	 4815877.00	 5023710.00	      19.45	      12.89	      13.11	
 2019/12/31	 3057.30	 3065.38	 3043.93	 3063.22	       31074043	 5326697.50	 5220800.50	 4787214.50	      22.59	      14.83	      15.52	
 2020/01/02	 3073.93	 3107.52	 3073.93	 3090.83	       50036392	 9477373.00	 6407243.00	 5195880.50	      27.00	      17.27	      19.47	
 2020/01/03	 3097.25	 3097.41	 3072.11	 3078.28	       37185493	 7234679.00	 7091629.50	 5498856.00	      29.15	      19.64	      19.01	
 2020/01/06	 3062.28	 3090.84	 3040.19	 3056.84	       47707827	 7777039.00	 7502628.50	 5850966.50	      28.79	      21.47	      14.63	
 2020/01/07	 3063.75	 3080.27	 3061.56	 3074.02	       34371788	 5688658.00	 7100889.50	 5958383.00	      29.55	      23.09	      12.92	
 2020/01/08	 3058.36	 3058.70	 3030.10	 3037.85	       37653773	 5985484.50	 7232646.50	 6226723.50	      26.92	      23.85	       6.13	
 2020/01/09	 3060.77	 3071.54	 3055.99	 3067.55	       33150515	 5767682.00	 6490708.50	 6448976.00	      26.92	      24.47	       4.91	
 2020/01/10	 3079.08	 3081.96	 3058.16	 3067.88	       28542389	 5163493.00	 6076471.50	 6584050.50	      26.65	      24.90	       3.49	
 2020/01/13	 3069.68	 3090.13	 3054.88	 3090.13	       29330835	 5705224.50	 5662108.50	 6582368.50	      27.90	      25.50	       4.80	
 2020/01/14	 3097.72	 3108.18	 3078.46	 3080.60	       35129017	 5696144.50	 5663605.50	 6382247.50	      27.81	      25.96	       3.68	
 2020/01/15	 3078.25	 3086.97	 3052.70	 3058.01	       28116086	 4697157.00	 5405940.00	 6319293.50	      25.61	      25.89	      -0.56	
 2020/01/16	 3067.95	 3068.20	 3039.07	 3043.09	       28312318	 4549774.50	 5162358.50	 5826533.50	      22.41	      25.20	      -5.57	
 2020/01/17	 3054.04	 3067.56	 3042.59	 3053.17	       23304514	 4622460.50	 5054152.00	 5565312.00	      20.45	      24.25	      -7.59	
 2020/01/20	 3070.67	 3072.29	 3054.45	 3062.73	       12783968	 2860384.75	 4485184.00	 5073646.50	      19.45	      23.29	      -7.68
